003d0900a6e978d40000000000000a3d
00000000000000000000000000000000
00000000000000000000000000000000
00000000000000000000000000000000
00000000000000000000000000000000
00000000000000000000000000000000
ffffffffffffffffffffffffffffffff
003d09006872b02000000000000009ba
00000000000000000000000000000000
00000000000000000000000000000000
00000000000000000000000000000000
00000000000000000000000000000000
00000000000000000000000000000000
ffffffffffffffffffffffffffffffff
003d0900676c8b43000000000000147a
00000000000000000000000000000000
00000000000000000000000000000000
00000000000000000000000000000000
00000000000000000000000000000000
00000000000000000000000000000000
ffffffffffffffffffffffffffffffff
003d09008000000000000000000070a3
00000000000000000000000000000000
00000000000000000000000000000000
00000000000000000000000000000000
00000000000000000000000000000000
00000000000000000000000000000000
ffffffffffffffffffffffffffffffff
00989680a6e978d40000000000000a3d
00000000000000000000000000000000
00000000000000000000000000000000
00000000000000000000000000000000
00000000000000000000000000000000
00000000000000000000000000000000
ffffffffffffffffffffffffffffffff
009896806872b02000000000000009ba
00000000000000000000000000000000
00000000000000000000000000000000
00000000000000000000000000000000
00000000000000000000000000000000
00000000000000000000000000000000
ffffffffffffffffffffffffffffffff
00000000000000000000000000000000
00000000000000000000000000000000
00000000000000000000000000000000
00000000000000000000000000000000
00000000000000000000000000000000
00000000000000000000000000000000
ffffffffffffffffffffffffffffffff
00000000000000000000000000000000
00000000000000000000000000000000
00000000000000000000000000000000
00000000000000000000000000000000
00000000000000000000000000000000
00000000000000000000000000000000
ffffffffffffffffffffffffffffffff
00002710a6e978d40000000000000a3d
00000000000000000000000000000000
00000000000000000000000000000000
00000000000000000000000000000000
00000000000000000000000000000000
00000000000000000000000000000000
ffffffffffffffffffffffffffffffff
00000000000000000000000000000000
00000000000000000000000000000000
00000000000000000000000000000000
00000000000000000000000000000000
00000000000000000000000000000000
00000000000000000000000000000000
ffffffffffffffffffffffffffffffff
00002710676c8b43000000000000147a
00000000000000000000000000000000
00000000000000000000000000000000
00000000000000000000000000000000
00000000000000000000000000000000
00000000000000000000000000000000
ffffffffffffffffffffffffffffffff
000027108000000000000000000070a3
00000000000000000000000000000000
00000000000000000000000000000000
00000000000000000000000000000000
00000000000000000000000000000000
00000000000000000000000000000000
ffffffffffffffffffffffffffffffff
00000000000000000000000000000000
00000000000000000000000000000000
00000000000000000000000000000000
00000000000000000000000000000000
00000000000000000000000000000000
00000000000000000000000000000000
ffffffffffffffffffffffffffffffff
00000000000000000000000000000000
00000000000000000000000000000000
00000000000000000000000000000000
00000000000000000000000000000000
00000000000000000000000000000000
00000000000000000000000000000000
ffffffffffffffffffffffffffffffff
004c4b40676c8b43000000000000147a
00000000000000000000000000000000
00000000000000000000000000000000
00000000000000000000000000000000
00000000000000000000000000000000
00000000000000000000000000000000
ffffffffffffffffffffffffffffffff
004c4b408000000000000000000070a3
00000000000000000000000000000000
00000000000000000000000000000000
00000000000000000000000000000000
00000000000000000000000000000000
00000000000000000000000000000000
ffffffffffffffffffffffffffffffff
