00000000003333330080000000004000
00000000006666660080000000004000
00000000009999990080000000004000
0000000000cccccc0080000000004000
00000000000000000000000000000000
00000000000000000000000000000000
00000000000000000000000000000000
ffffffffffffffffffffffffffffffff
00000000003333330080000000004000
00000000006666660080000000004000
00000000009999990080000000004000
0000000000cccccc0080000000004000
00000000000000000000000000000000
00000000000000000000000000000000
00000000000000000000000000000000
ffffffffffffffffffffffffffffffff
00000000003333330080000000004000
00000000006666660080000000004000
00000000009999990080000000004000
0000000000cccccc0080000000004000
00000000000000000000000000000000
00000000000000000000000000000000
00000000000000000000000000000000
ffffffffffffffffffffffffffffffff
00000000003333330080000000004000
00000000006666660080000000004000
00000000009999990080000000004000
0000000000cccccc0080000000004000
00000000000000000000000000000000
00000000000000000000000000000000
00000000000000000000000000000000
ffffffffffffffffffffffffffffffff
00000000003333330080000000004000
00000000006666660080000000004000
00000000009999990080000000004000
0000000000cccccc0080000000004000
00000000000000000000000000000000
00000000000000000000000000000000
00000000000000000000000000000000
ffffffffffffffffffffffffffffffff
00000000003333330080000000004000
00000000006666660080000000004000
00000000009999990080000000004000
0000000000cccccc0080000000004000
00000000000000000000000000000000
00000000000000000000000000000000
00000000000000000000000000000000
ffffffffffffffffffffffffffffffff
00000000003333330080000000004000
00000000006666660080000000004000
00000000009999990080000000004000
0000000000cccccc0080000000004000
00000000000000000000000000000000
00000000000000000000000000000000
00000000000000000000000000000000
ffffffffffffffffffffffffffffffff
00000000003333330080000000004000
00000000006666660080000000004000
00000000009999990080000000004000
0000000000cccccc0080000000004000
00000000000000000000000000000000
00000000000000000000000000000000
00000000000000000000000000000000
ffffffffffffffffffffffffffffffff
